50 50 1000.00
155.00 316.33 31.00 309.33 679.33 824.33 46.67 66.67 761.67 640.33 799.33 32.00 575.67 217.33 861.00 391.00 13.67 935.33 681.67 291.00 589.00 187.00 190.33 706.00 24.00 777.33 33.67 17.33 569.33 900.00 221.67 799.33 702.67 280.67 34.67 743.33 742.33 260.00 887.33 236.67 665.33 86.67 527.33 10.67 395.33 878.00 257.33 203.00 116.33 695.33 
110.33 127.33 425.00 137.00 705.67 576.33 91.00 772.00 823.00 418.67 397.67 186.33 678.67 319.67 577.67 650.00 157.00 244.67 516.67 248.00 107.00 296.33 191.33 520.00 203.33 584.33 938.33 960.67 865.67 468.33 645.67 834.33 247.67 738.00 812.33 40.33 162.33 821.33 405.33 720.67 335.00 265.33 780.00 595.67 856.00 791.67 533.00 361.00 761.67 599.33 
789.67 197.67 976.33 9.67 416.00 45.33 739.33 377.67 888.33 868.00 387.67 303.67 341.33 52.00 115.00 28.33 643.33 559.00 595.33 704.33 3.67 115.00 412.00 965.00 817.00 750.67 844.33 477.33 69.00 640.33 885.33 792.00 893.67 499.00 272.00 556.00 656.67 369.00 516.00 722.33 519.67 537.33 877.33 254.33 248.33 482.33 915.33 661.00 977.33 353.00 
67.33 877.33 581.00 792.33 637.00 782.00 690.67 225.33 38.33 865.67 77.00 771.00 325.67 505.33 944.67 905.00 120.33 87.00 85.33 503.33 98.00 232.00 958.00 708.67 992.00 635.33 625.33 414.33 191.33 605.33 481.00 851.00 997.00 656.67 169.67 157.67 445.67 408.67 902.33 104.67 41.00 964.33 497.33 969.67 353.33 528.33 437.33 436.67 669.67 572.33 
956.33 458.00 823.00 509.33 334.00 972.33 704.00 394.33 18.00 594.33 289.67 558.33 853.67 216.33 791.33 712.00 871.33 852.00 388.33 124.33 326.33 450.33 385.67 936.33 559.33 479.33 4.33 631.00 384.00 83.00 340.33 274.67 670.33 962.00 840.00 781.33 535.00 901.67 427.00 29.00 719.33 890.33 898.33 284.00 425.00 161.67 218.33 329.00 265.33 947.33 
729.33 624.67 663.00 890.67 714.67 780.00 483.00 860.67 896.33 367.67 215.67 438.00 667.67 674.67 762.00 38.00 701.33 461.00 891.33 806.00 326.33 390.67 960.00 543.33 98.67 881.00 143.33 99.33 791.33 743.67 746.67 398.33 148.67 515.33 914.67 349.33 611.33 401.00 342.00 132.67 207.33 106.00 37.00 512.67 682.00 383.33 390.33 227.00 344.33 282.33 
415.33 850.67 724.33 302.00 548.00 211.00 151.33 809.00 227.00 370.67 577.33 690.00 238.33 562.33 12.00 544.00 828.67 158.00 349.33 323.00 246.33 356.67 204.33 939.00 839.00 694.33 414.33 88.67 654.33 586.67 846.00 799.67 228.67 579.67 770.33 827.33 789.33 414.00 53.33 777.33 14.33 660.00 208.67 432.67 750.33 233.33 852.33 976.33 342.33 10.00 
162.67 480.00 724.00 296.33 952.33 21.33 249.00 747.33 134.00 24.33 550.00 834.33 642.33 187.33 69.33 800.67 738.33 534.67 527.67 944.67 609.67 447.33 0.00 668.00 726.00 371.00 949.67 736.00 719.33 279.00 825.00 372.67 360.33 730.67 90.33 719.67 345.67 557.67 65.33 183.00 917.00 772.00 464.00 162.33 784.00 325.33 225.67 524.33 956.00 177.67 
634.67 97.67 415.00 28.67 232.67 623.67 766.67 73.33 256.33 119.00 381.67 1.33 493.33 896.67 485.33 200.00 322.67 802.33 305.67 921.67 41.67 391.67 292.00 743.00 404.00 293.33 658.33 96.00 173.00 305.33 770.67 481.00 804.33 885.67 113.00 350.33 703.67 666.67 558.33 600.67 623.67 452.00 189.33 137.00 245.33 724.33 652.67 164.00 488.67 269.33 
208.67 459.33 362.67 963.33 887.67 587.33 809.00 144.67 291.00 64.33 428.33 257.00 345.67 889.67 175.00 138.00 778.33 999.33 76.67 117.67 878.00 826.33 447.33 38.33 956.00 979.33 595.67 817.33 362.33 126.67 568.67 921.00 566.00 191.00 587.00 958.67 716.67 857.00 459.67 254.00 701.00 504.67 822.33 589.33 731.00 73.67 683.67 351.00 620.33 596.67 
555.00 377.00 43.67 787.67 833.67 622.00 626.67 183.67 152.00 336.33 839.00 888.33 757.33 124.33 781.67 288.00 627.00 960.67 251.00 877.00 140.33 971.33 978.00 919.67 278.00 719.67 17.33 991.67 846.00 503.67 189.00 668.33 809.67 191.67 727.00 849.00 919.67 337.33 326.00 733.33 216.00 73.67 59.00 360.33 533.33 588.33 359.33 242.67 588.67 934.00 
853.33 886.00 956.33 375.00 184.33 239.00 912.33 338.33 729.00 580.67 265.33 336.67 777.00 498.67 716.67 33.67 567.67 47.00 847.33 158.67 882.33 136.67 765.00 117.67 524.00 109.00 569.33 119.67 377.33 416.33 401.00 367.67 72.33 196.33 188.00 656.00 807.33 216.67 267.33 67.67 734.67 933.33 327.67 354.67 373.00 149.33 275.67 447.67 283.00 972.67 
701.33 894.67 420.33 80.67 148.33 183.67 29.67 891.33 873.67 412.00 720.67 373.67 782.33 47.67 167.33 890.33 999.33 728.33 247.67 811.33 660.00 631.67 463.67 749.33 471.67 934.67 427.33 891.00 831.33 979.33 958.00 218.33 6.33 81.33 107.33 353.33 239.33 161.00 858.67 742.33 424.67 873.00 336.33 412.67 55.33 518.33 965.00 674.00 387.00 929.33 
1.00 966.00 971.67 999.67 389.33 863.67 770.33 16.00 853.67 627.33 525.67 625.67 586.33 166.67 56.00 820.00 81.67 1.33 265.67 234.67 94.67 468.00 186.67 323.33 266.33 4.67 800.33 633.33 930.00 712.00 246.33 747.00 23.33 732.33 101.00 296.33 768.67 411.67 601.33 50.33 685.67 362.33 685.00 224.00 499.00 305.67 525.67 778.33 152.33 838.00 
533.00 800.67 250.67 959.33 947.33 423.00 769.33 822.33 838.33 773.67 686.00 787.67 130.67 761.00 132.00 888.67 437.33 670.67 900.00 243.00 343.33 184.00 157.67 918.33 404.33 684.00 769.33 654.00 741.33 534.00 718.33 890.00 110.67 547.33 542.00 562.33 809.33 350.33 752.33 313.33 312.67 599.67 822.00 333.67 21.00 141.33 641.33 599.33 944.00 466.33 
640.00 75.00 775.33 120.00 46.67 388.67 136.67 791.00 593.33 225.33 343.00 409.33 398.00 88.67 858.33 532.67 935.00 301.33 737.67 943.33 207.00 493.33 671.33 653.00 113.67 582.67 597.33 145.67 704.67 41.00 491.67 413.00 237.33 842.33 488.00 109.33 468.67 743.67 590.00 107.33 979.33 864.00 385.67 276.33 946.67 3.67 947.00 216.00 483.33 510.00 
547.67 723.67 573.67 859.00 566.67 571.00 360.67 827.67 796.00 834.33 477.00 532.00 607.33 961.67 511.33 766.67 91.33 426.00 307.67 533.00 605.67 123.00 892.33 711.67 110.33 783.00 87.00 364.00 415.33 137.00 150.67 985.00 744.00 962.33 49.67 628.33 304.33 972.67 406.00 588.00 932.00 456.67 38.00 714.33 850.00 84.00 754.00 946.00 185.00 901.33 
756.67 241.67 634.00 608.00 248.00 261.00 272.00 200.67 241.00 468.67 118.33 444.33 326.67 75.00 651.67 450.33 859.00 819.00 608.00 237.67 327.67 388.33 919.33 262.00 208.67 605.67 987.33 903.00 792.00 881.67 308.00 202.67 374.67 12.67 152.00 190.00 452.00 79.00 872.33 236.00 775.33 110.67 243.00 133.67 345.33 182.33 698.00 820.33 757.00 759.00 
785.00 740.33 232.33 313.67 864.00 240.33 743.00 459.33 717.67 725.00 958.00 67.33 995.67 433.67 775.33 365.33 845.33 502.33 277.00 238.00 68.67 837.33 182.00 501.67 240.33 665.33 837.33 559.67 675.00 936.33 888.33 362.67 759.00 516.33 735.67 881.00 585.67 967.67 367.00 370.33 47.67 863.33 471.00 69.33 119.00 948.00 11.33 93.00 879.33 158.00 
716.67 771.33 111.00 421.00 559.33 142.33 531.67 196.67 780.00 501.33 975.00 258.00 464.33 109.33 665.33 311.67 660.00 35.33 524.33 305.00 599.67 395.67 453.33 485.33 208.00 484.00 139.33 875.67 151.67 652.00 604.00 550.00 749.00 91.33 393.67 709.67 197.33 475.00 695.00 236.67 298.33 144.33 519.33 745.00 355.67 839.33 712.33 280.67 678.00 87.67 
473.33 767.67 901.67 320.00 554.00 556.33 333.00 994.00 71.33 875.33 137.67 91.33 159.00 663.00 447.00 260.00 898.33 590.00 622.00 100.67 523.33 381.33 709.67 61.67 466.00 559.67 706.67 157.33 726.00 702.00 274.33 446.00 693.67 324.00 3.00 196.67 784.67 735.67 304.67 626.67 436.33 78.67 188.33 7.67 759.67 791.00 727.67 557.00 626.67 440.67 
9.33 508.00 565.33 639.00 744.67 344.33 803.00 675.33 713.67 609.00 96.00 209.67 990.33 949.33 352.00 949.33 730.33 507.33 54.67 517.33 116.00 331.67 339.67 614.00 42.33 876.67 328.67 666.33 203.33 638.00 709.33 917.67 397.33 86.00 627.33 602.33 168.00 15.67 292.67 911.67 557.33 177.33 224.33 907.00 163.00 983.00 133.00 663.67 381.33 334.33 
705.67 752.67 573.33 85.33 102.00 552.33 136.33 249.33 925.00 140.67 54.33 312.33 728.00 69.33 76.00 470.67 43.00 359.00 694.00 835.67 792.00 808.33 469.67 641.33 565.33 482.33 609.00 158.67 121.00 799.00 687.33 331.33 844.33 700.67 134.67 687.00 274.33 207.67 256.33 489.33 685.33 145.00 117.33 985.00 235.00 436.33 758.67 6.33 809.00 844.67 
945.33 221.67 378.67 315.33 332.33 808.67 128.33 665.00 608.67 836.00 138.00 119.00 743.00 202.33 887.33 847.00 578.33 403.00 201.67 943.00 227.67 255.67 704.00 304.67 570.33 861.33 468.67 309.67 809.67 763.33 559.33 880.00 383.67 446.67 58.00 821.33 493.33 344.67 997.33 215.67 845.33 333.00 408.00 525.33 154.33 265.00 603.67 555.67 780.33 922.33 
743.67 475.00 172.67 787.00 172.33 442.00 430.33 682.33 417.00 407.67 200.00 989.33 169.00 789.00 898.67 140.00 454.00 230.00 787.00 149.67 75.67 680.33 70.00 47.00 274.67 763.67 478.00 277.67 1.00 301.33 777.33 893.33 56.00 562.67 197.33 858.33 358.67 130.67 605.33 620.67 984.00 353.67 840.33 814.00 48.00 741.67 556.33 112.00 814.67 512.67 
90.00 635.00 613.67 229.33 295.33 97.33 937.33 93.33 432.00 619.00 374.33 9.67 699.00 599.67 148.67 876.33 833.33 392.33 629.33 664.00 175.00 555.00 915.33 241.67 260.67 179.00 926.67 269.00 14.33 843.33 331.33 105.67 583.33 315.67 175.33 489.67 445.00 166.67 398.67 60.00 620.00 349.67 132.33 876.33 191.67 13.33 142.67 392.33 320.67 643.00 
39.00 197.33 881.67 846.67 770.00 994.33 850.67 641.33 314.33 833.67 292.67 381.67 317.67 865.67 480.33 132.00 344.67 5.33 44.67 209.00 813.67 261.33 899.00 351.00 124.00 719.33 383.00 204.33 225.67 689.67 929.00 578.00 206.33 851.33 138.00 768.67 968.67 319.67 285.33 433.67 207.00 826.00 957.33 994.67 451.67 240.67 560.67 654.00 753.67 16.00 
622.33 547.33 166.33 162.00 537.33 861.00 804.33 38.67 422.67 295.67 419.67 254.67 706.00 97.33 469.33 703.33 601.33 387.00 117.33 571.33 201.67 102.33 824.67 118.67 876.33 119.00 653.33 978.33 985.33 820.00 540.00 251.67 774.67 261.00 539.67 249.67 969.67 449.67 195.67 391.00 685.67 70.00 940.00 698.33 475.00 85.67 42.00 860.33 974.67 411.00 
659.00 958.67 715.33 774.67 327.00 981.33 380.00 350.33 451.33 599.33 919.00 645.00 372.33 833.00 331.00 563.67 608.67 971.33 633.00 233.67 614.67 324.33 617.67 668.67 427.00 698.00 303.33 12.67 201.00 373.67 442.33 875.00 162.00 374.00 295.00 459.67 526.00 904.33 161.33 916.33 543.00 288.67 662.67 225.67 498.33 100.67 239.67 344.33 525.33 548.00 
30.67 729.67 142.33 53.00 910.00 244.33 288.33 4.67 537.00 518.33 180.33 680.33 945.00 172.00 799.00 642.67 431.00 90.00 710.33 229.33 817.67 426.00 62.67 408.00 661.00 338.33 897.33 613.00 99.33 17.67 210.67 432.67 736.67 567.67 370.33 66.33 973.33 644.00 276.67 986.00 684.33 130.33 48.67 480.33 233.33 398.33 862.00 436.00 56.67 396.67 
855.00 613.00 307.00 568.00 15.33 872.67 584.33 336.67 802.67 131.67 19.33 830.33 63.67 183.67 326.67 898.33 393.00 363.00 474.33 636.33 838.33 244.00 216.67 406.00 749.00 406.67 123.67 353.33 207.67 659.67 467.00 68.00 421.67 562.00 714.67 88.67 411.67 679.00 265.67 998.33 328.00 135.33 344.33 990.67 377.67 790.33 911.67 705.67 993.67 932.67 
522.67 964.00 705.00 913.00 434.00 984.33 19.00 565.00 312.33 619.67 557.00 885.33 619.33 153.00 562.00 24.00 457.67 370.00 984.33 132.67 898.00 532.67 292.67 984.33 358.67 645.67 365.00 736.33 474.33 301.67 678.00 825.00 666.00 650.33 830.67 773.00 955.67 701.67 107.00 852.67 993.67 733.33 381.33 696.33 414.33 595.67 675.67 931.33 967.33 343.67 
68.33 581.67 126.00 271.67 320.00 51.33 974.67 24.67 957.00 562.33 422.00 815.00 930.33 790.33 680.33 399.00 602.67 123.67 967.67 313.67 871.33 952.67 500.00 904.67 401.33 180.00 327.67 272.67 742.00 859.00 548.00 522.33 294.00 582.33 392.67 900.00 964.00 164.00 534.67 274.33 238.67 111.00 450.33 527.33 798.67 318.00 700.67 200.33 837.67 256.33 
29.33 197.00 362.67 810.00 782.00 183.33 538.67 939.67 30.00 884.67 557.67 526.00 746.67 604.67 860.67 870.00 370.67 235.00 781.33 628.00 481.00 289.33 458.33 712.00 398.67 20.67 503.00 565.67 624.00 889.67 382.00 725.33 179.67 484.33 357.67 228.00 628.00 210.33 97.67 278.67 870.33 803.67 196.33 327.67 890.67 304.67 328.33 25.00 342.00 171.00 
326.33 890.33 621.00 96.67 374.67 567.33 24.67 970.00 443.00 392.00 217.33 957.33 429.67 756.67 196.33 823.33 680.33 532.67 517.00 372.33 354.33 487.00 366.67 654.00 810.00 494.33 446.33 925.67 138.00 999.67 962.67 560.67 591.67 647.00 72.33 703.67 663.33 860.33 704.33 190.67 560.00 542.33 488.33 585.00 502.67 664.33 462.33 458.00 668.67 865.00 
829.67 870.33 111.67 874.00 596.00 329.00 453.33 866.67 44.67 271.67 740.67 362.67 159.67 608.33 629.67 271.67 42.33 304.33 575.00 672.67 299.67 679.00 577.33 46.33 701.67 519.67 253.67 995.00 757.00 296.33 429.67 198.33 413.67 328.00 736.67 864.00 705.00 141.00 793.00 608.33 857.00 935.67 713.33 580.67 886.67 210.00 796.00 490.00 966.33 255.00 
874.33 90.00 15.33 215.67 123.33 303.67 303.67 147.67 226.67 192.00 956.00 132.67 514.00 666.33 145.33 534.00 393.33 951.67 560.33 569.67 342.33 368.00 168.33 718.67 595.67 858.67 664.00 655.67 965.67 10.33 947.33 833.33 874.33 453.67 303.33 822.67 247.67 347.00 409.33 809.33 328.00 259.00 362.33 875.00 941.00 141.33 134.67 285.33 464.00 147.67 
760.67 469.67 215.33 775.00 233.00 333.67 309.33 906.67 859.00 351.00 18.67 745.33 171.33 513.00 768.67 107.00 333.00 240.33 744.00 525.67 657.00 891.67 450.33 637.33 282.33 462.00 185.33 805.33 237.33 696.33 683.00 238.33 83.33 565.00 198.67 156.00 948.00 821.33 196.33 61.00 799.33 131.67 83.67 693.33 959.33 30.67 896.00 660.67 450.00 158.67 
668.00 504.00 714.67 367.33 137.67 93.33 304.67 273.00 864.33 763.00 59.67 819.00 765.00 934.00 408.67 217.33 758.67 45.67 399.33 735.00 545.33 825.00 404.00 940.00 768.00 444.00 849.33 782.33 94.00 182.33 512.33 931.33 473.67 95.33 93.00 761.00 362.33 839.00 388.33 386.67 186.33 335.67 446.00 706.00 537.00 396.67 640.33 23.00 656.67 337.33 
652.67 739.33 388.00 132.67 61.67 636.00 54.67 339.67 440.00 745.33 285.33 730.67 821.67 742.33 224.33 578.67 882.67 595.00 599.67 751.33 951.67 963.33 359.00 857.00 699.67 481.33 96.33 614.00 318.00 98.67 789.33 123.00 697.33 646.67 799.33 660.67 138.33 107.00 926.67 1.33 919.00 315.33 695.67 637.67 638.33 907.67 116.00 451.33 454.67 814.67 
495.00 707.67 99.67 835.00 130.33 355.33 671.33 770.00 304.33 83.67 847.33 370.00 726.00 482.00 270.67 785.33 123.00 103.33 658.33 952.33 127.67 894.67 34.67 221.33 424.67 280.33 999.00 939.67 175.67 609.67 70.33 564.33 590.67 120.00 606.33 741.67 731.00 587.67 652.00 455.00 465.00 51.33 90.00 894.67 764.67 64.33 602.00 732.67 295.33 793.33 
924.33 690.00 521.33 125.00 438.67 601.00 668.00 424.33 996.67 729.33 525.00 299.67 421.00 320.00 883.00 674.33 999.33 166.33 994.00 694.33 576.00 40.33 652.67 707.00 486.33 113.00 581.00 139.67 443.33 775.33 924.33 837.33 813.33 444.33 999.00 945.33 137.33 171.33 154.00 790.67 19.67 652.33 315.00 307.00 955.67 788.67 883.67 155.33 981.33 209.67 
441.33 907.00 843.33 721.33 661.67 990.33 767.33 986.67 138.00 897.67 80.00 974.00 311.67 364.00 81.33 624.33 79.00 453.67 961.33 272.33 390.67 8.33 257.67 943.33 991.67 489.67 526.67 387.33 297.00 833.00 677.33 252.33 692.67 383.33 584.67 980.00 270.67 483.33 686.33 275.33 619.33 101.67 932.67 686.33 592.67 959.67 32.00 729.00 973.67 82.67 
473.67 532.00 755.67 975.33 795.67 471.67 366.67 912.67 413.00 231.33 174.67 978.67 106.67 283.33 525.33 989.00 779.33 445.33 890.67 976.00 22.33 451.33 372.67 391.00 18.67 495.67 165.00 750.33 534.00 703.33 750.33 113.33 566.67 416.67 331.33 845.00 544.00 798.00 364.00 54.00 165.33 926.00 376.00 306.67 62.00 25.67 405.00 47.33 48.33 132.33 
208.33 437.33 979.33 20.00 777.33 78.00 329.00 977.00 33.33 319.00 348.00 613.33 834.00 77.33 475.33 614.00 892.00 139.00 990.33 566.67 291.33 414.00 353.67 677.67 378.00 186.00 692.00 832.33 163.67 760.33 823.00 26.67 777.33 938.00 30.67 888.00 501.33 293.67 398.33 593.67 318.33 207.67 283.00 240.00 652.33 437.00 375.67 543.00 982.33 624.33 
339.33 685.67 519.00 399.67 948.33 397.00 475.67 332.67 995.33 909.67 572.00 476.67 162.33 156.33 205.67 508.33 645.67 89.00 171.67 433.33 184.67 441.33 435.67 122.67 345.67 782.33 729.67 569.33 982.33 388.67 858.33 84.33 442.33 667.67 13.33 437.67 282.00 208.00 4.67 852.33 713.00 620.67 245.00 687.00 619.33 414.67 324.67 980.67 23.67 733.33 
451.67 585.67 753.00 803.33 828.67 460.33 289.00 337.33 973.67 113.33 99.67 421.33 730.33 543.00 104.00 494.67 502.33 641.33 226.33 366.00 451.33 948.33 610.33 979.67 661.33 880.67 324.33 537.00 407.67 161.67 60.67 419.67 87.00 170.00 856.33 72.00 714.33 399.33 658.33 612.33 823.67 784.67 145.33 554.67 105.00 64.67 723.67 80.00 543.33 828.67 
139.00 58.33 272.33 882.00 188.33 954.67 338.00 510.67 764.67 36.67 132.67 387.67 935.33 370.33 421.33 581.33 98.00 766.00 800.33 653.67 494.33 703.00 49.33 667.00 983.67 35.33 155.67 323.00 945.33 272.33 243.67 927.33 196.33 63.67 45.33 41.67 27.67 75.67 663.00 594.33 446.67 113.67 107.67 396.00 833.67 419.33 226.00 769.67 95.00 475.67 
253.67 383.00 614.67 62.67 552.67 275.00 638.33 656.67 529.33 150.00 424.00 791.33 971.67 777.00 745.00 910.33 121.67 984.33 455.00 364.00 54.33 710.67 84.00 790.00 770.00 679.00 565.67 549.67 383.33 954.33 930.00 831.33 509.00 139.33 213.33 675.67 199.33 960.33 751.33 248.33 746.00 420.00 750.00 847.00 647.00 318.33 17.67 981.00 317.00 194.67 
681.33 798.67 607.33 516.00 565.33 584.00 396.33 975.67 325.67 336.33 328.00 902.33 156.33 576.67 708.33 355.33 345.67 622.33 969.33 15.33 606.00 198.33 956.67 854.67 701.33 254.00 845.33 727.00 744.33 826.67 131.00 546.33 39.33 132.00 10.67 895.33 452.00 971.67 971.33 42.00 16.33 702.00 157.00 566.33 789.67 706.00 277.33 100.00 772.67 29.33 
