40 10 500.00
676.67 560.00 439.00 279.33 639.00 619.67 623.33 534.67 469.00 463.67 
357.67 374.33 640.67 329.67 263.00 280.33 522.67 313.00 252.33 539.67 
736.67 675.33 405.67 600.67 377.33 681.00 306.67 360.33 304.67 598.67 
598.67 257.67 322.00 684.33 468.33 420.00 335.67 665.00 554.00 716.33 
282.00 267.00 703.33 637.67 623.67 677.33 717.33 444.00 459.67 419.33 
305.33 734.33 684.67 482.67 267.67 272.67 698.67 741.33 473.67 510.00 
568.33 568.00 577.33 278.00 594.33 566.33 639.67 493.00 303.33 313.67 
627.33 574.00 579.33 328.67 648.00 251.67 481.67 604.00 433.33 696.33 
534.33 380.67 666.33 600.00 450.00 641.00 452.67 505.67 485.00 687.33 
627.67 452.67 360.00 268.00 392.33 275.67 329.67 555.67 279.67 566.33 
670.00 261.00 730.33 256.00 703.00 451.00 336.67 540.33 561.00 591.33 
374.67 686.33 624.00 653.67 498.33 586.00 734.33 393.67 717.67 429.67 
399.00 704.67 385.00 533.67 654.33 706.33 445.00 686.67 736.33 574.67 
514.67 505.33 462.67 314.00 353.33 553.33 578.67 441.33 603.67 364.67 
553.33 740.33 712.33 317.33 720.33 637.67 505.67 436.67 494.67 749.67 
596.67 554.00 662.67 739.33 572.33 477.67 275.67 373.00 598.00 390.33 
683.00 507.00 271.00 258.00 648.00 567.67 413.33 520.00 366.00 295.00 
317.67 313.00 592.00 534.00 330.00 463.33 554.33 304.00 719.67 545.00 
672.00 713.00 483.00 615.00 447.00 390.67 285.33 458.00 696.67 522.33 
520.00 642.67 409.67 354.33 463.00 598.00 262.00 323.00 647.33 550.00 
450.33 460.00 450.67 716.00 366.33 424.00 678.00 414.33 467.00 670.33 
271.00 315.33 331.00 585.33 678.67 675.67 530.33 615.00 508.00 729.00 
523.67 714.00 674.00 391.67 352.00 321.33 432.33 610.33 377.00 344.00 
433.33 286.00 608.67 398.33 686.33 445.33 735.67 513.00 391.67 300.33 
420.00 468.00 359.00 718.67 376.00 746.00 387.00 727.67 388.33 566.00 
355.00 738.33 274.67 601.00 610.33 362.67 476.67 485.00 510.33 378.67 
571.67 651.33 610.00 407.00 606.67 527.67 440.00 505.67 619.33 333.00 
461.67 362.67 275.67 726.67 504.33 626.67 682.67 635.33 406.00 745.00 
619.67 575.00 640.67 375.67 288.33 443.67 505.33 640.67 607.33 519.67 
425.33 289.33 673.67 354.33 422.33 545.00 474.67 702.00 302.67 328.00 
739.33 293.00 531.33 478.67 254.33 353.33 745.33 740.67 521.00 452.33 
649.00 586.33 720.33 692.67 319.00 419.00 745.33 404.00 600.33 518.00 
630.33 487.00 615.67 748.67 277.33 682.33 301.67 651.33 511.67 498.33 
669.67 639.00 733.00 646.00 676.67 642.67 637.67 636.33 459.33 491.33 
335.33 264.33 397.00 260.00 565.67 489.33 278.33 252.00 627.33 299.33 
664.67 564.67 320.67 303.33 686.00 470.67 423.00 612.33 457.67 330.67 
733.67 359.00 403.67 477.67 463.67 435.67 319.67 530.33 653.00 373.33 
583.00 464.67 533.33 428.67 551.00 466.00 680.00 749.00 391.67 567.67 
456.67 584.33 456.33 517.33 551.67 552.33 688.33 594.33 546.67 665.67 
382.67 335.33 412.67 600.67 265.00 260.33 625.33 747.00 414.00 293.00 
