40 10 500.00
765.67 440.67 780.33 846.67 619.33 481.33 821.00 582.67 839.67 556.33 
836.67 585.33 734.33 553.67 876.67 690.33 588.67 622.33 621.33 640.00 
714.67 671.33 645.67 703.33 720.33 758.33 564.67 547.00 564.33 570.00 
519.33 685.67 845.33 782.67 879.67 660.33 645.00 731.67 889.67 878.00 
797.33 620.33 580.33 761.67 574.00 687.33 546.00 654.67 782.67 810.67 
462.67 859.00 755.33 501.00 480.67 856.33 468.67 741.00 448.67 794.67 
787.67 717.67 604.00 679.67 764.33 652.00 564.33 436.67 556.67 714.00 
622.00 769.33 500.33 890.00 818.33 721.33 768.33 894.00 764.67 712.67 
667.00 858.33 478.67 799.33 538.00 878.67 685.00 853.00 611.33 735.00 
881.00 636.00 497.00 475.33 558.33 744.67 655.00 705.00 851.67 623.00 
471.33 504.67 751.33 442.33 702.67 892.00 734.67 687.00 513.00 798.67 
451.33 898.33 750.33 842.33 561.00 446.33 420.67 789.67 911.00 635.67 
863.33 503.00 659.33 635.00 805.33 696.33 581.00 464.67 799.00 886.00 
726.00 494.00 737.33 422.33 471.33 715.00 688.33 886.00 510.00 472.00 
556.67 673.67 512.00 421.67 899.00 624.67 594.67 727.00 857.00 582.33 
808.00 764.00 468.67 445.33 772.00 749.33 836.33 420.67 515.33 613.00 
902.00 493.00 810.00 430.00 822.00 597.33 614.67 877.33 612.00 517.33 
840.67 667.67 790.00 479.00 681.67 821.00 783.33 533.67 839.67 862.33 
782.33 542.00 774.33 583.33 694.67 725.00 467.67 815.33 583.33 813.00 
839.33 803.33 752.67 816.33 608.00 857.00 592.00 740.67 624.33 853.67 
877.33 456.33 721.00 852.67 870.00 524.00 605.00 580.00 618.00 904.67 
676.67 569.67 613.67 736.00 588.00 658.33 419.33 560.00 839.33 899.33 
883.67 520.33 703.33 447.67 599.33 501.00 567.67 497.67 483.00 521.67 
426.33 638.00 896.67 440.33 916.33 899.00 715.00 537.67 770.00 841.33 
644.67 598.33 515.00 496.67 430.67 523.00 450.00 804.67 663.67 684.33 
685.33 629.33 753.00 419.00 459.00 844.67 852.67 417.67 640.00 819.67 
537.00 882.00 458.33 434.67 533.33 451.67 656.00 571.33 701.67 885.00 
853.33 865.67 625.67 527.33 802.00 791.00 792.67 427.00 462.33 475.33 
434.33 519.00 463.00 600.67 534.00 780.33 670.00 546.00 884.00 663.67 
523.33 478.00 730.00 519.67 572.00 492.00 877.00 551.00 703.00 458.33 
592.33 578.00 689.67 661.00 799.00 714.33 882.00 590.67 903.00 757.33 
709.00 583.00 861.67 527.33 887.67 754.67 677.00 843.67 707.33 894.00 
580.00 430.00 753.67 675.00 733.67 733.33 782.33 778.33 552.00 661.67 
744.00 522.33 500.00 741.33 621.00 814.67 845.00 615.67 718.67 857.33 
527.67 646.33 507.67 556.00 683.33 750.00 736.67 449.00 740.00 546.33 
427.33 866.67 911.33 472.00 579.00 834.00 872.33 517.67 710.00 690.67 
893.67 773.67 666.67 469.67 867.00 721.00 830.67 666.67 524.00 475.33 
421.33 459.33 594.00 775.67 653.33 652.00 713.33 630.67 751.33 740.00 
719.67 514.00 502.00 599.33 773.67 730.33 835.67 591.00 767.67 837.00 
786.67 421.33 516.33 833.67 755.00 840.33 637.33 831.67 637.00 619.00 
