10 10 1110.15
1317.46 1185.12 1520.46 1872.46 1681.46 2031.12 1287.12 1221.46 1444.46 1246.12 
1706.12 1857.46 1876.46 951.46 1381.12 944.12 1204.12 1283.46 1240.46 1773.46 
1810.79 1359.12 1258.79 1950.46 1967.79 1143.12 1150.46 1056.12 1929.12 1435.12 
1837.46 1118.46 1786.12 1932.46 1827.79 1056.79 1561.46 1792.12 1163.79 1689.12 
1943.46 1862.79 1948.46 1177.12 1145.12 1187.79 1107.12 1133.79 977.79 976.12 
1932.12 1446.79 1724.12 1370.46 928.12 1076.79 949.12 971.46 965.79 1883.12 
928.12 1261.12 1646.46 1147.79 1679.46 1542.46 1484.12 1000.12 1337.79 1205.46 
1597.12 1304.46 1490.79 1662.12 1753.46 1844.46 1777.46 935.46 1666.79 1052.79 
1534.46 1963.79 1854.46 1335.12 1553.79 1624.79 1093.46 1915.79 1371.12 1155.79 
1121.12 1972.46 1161.79 1379.79 1208.12 1230.46 1244.79 1927.46 1214.12 1347.12 
